 1.730685  14 
  7  15  4  2  1  0.395765  -1  0.541615 
  4  7  4  6  1  1.042678  -1  0.442326 
  0  9  3  2  3  0.459777  -1  0.447192 
  5  11  13  5  1  -2.314225  1  0.414972 
  7  6  6  3  3  0.295498  -1  0.361662 
  2  9  12  1  10  -0.863048  1  0.350184 
  7  7  19  3  2  -0.687425  1  0.322708 
  1  19  12  18  6  10.972956  -1  0.338602 
  7  19  18  1  9  -2.102719  1  0.321239 
  9  14  10  4  2  -3.126794  1  0.329789 
  7  15  2  3  1  -0.706409  1  0.294752 
  1  15  6  12  1  1.017619  -1  0.273467 
  7  18  18  4  2  0.870911  -1  0.265235 
  9  10  15  8  1  0.257783  1  0.264362 
