 1.656159  14 
  4  6  4  6  1  1.817737  -1  0.576587 
  2  12  12  1  9  -0.697649  1  0.425150 
  2  17  6  2  3  -0.913187  1  0.370551 
  4  12  11  6  1  1.399240  -1  0.320624 
  11  5  13  2  5  0.177986  1  0.348525 
  7  14  4  1  1  0.226435  -1  0.322840 
  1  19  8  5  4  0.540103  -1  0.296158 
  4  12  16  6  1  -2.205276  1  0.346899 
  0  9  6  3  6  2.151446  -1  0.309000 
  4  13  16  8  1  1.800129  -1  0.346603 
  5  14  8  14  1  0.011283  -1  0.335439 
  4  12  12  6  1  -2.321811  1  0.259733 
  5  19  16  15  3  0.576213  -1  0.326837 
  4  12  12  6  1  1.263007  -1  0.294458 
