 4.684317  54 
  5  17  6  16  1  -6.161004  1  0.321684 
  1  16  16  5  3  -1.582786  1  0.277328 
  10  11  12  3  2  10.736329  -1  0.256190 
  7  2  12  1  4  -0.114295  1  0.223724 
  4  12  11  6  1  2.380276  -1  0.205042 
  0  7  10  3  4  -0.072272  1  0.228370 
  4  14  3  12  1  -2.685417  1  0.205832 
  2  19  9  1  9  -0.339191  -1  0.211065 
  0  19  19  2  19  -7.481380  1  0.208285 
  2  17  6  2  6  -0.211429  1  0.211406 
  1  19  2  7  1  1.081141  -1  0.197662 
  0  11  6  1  6  -0.464957  1  0.189241 
  0  19  19  8  5  13.517786  -1  0.202642 
  5  19  15  5  1  0.714197  1  0.210724 
  4  13  16  9  1  2.744182  -1  0.202309 
  4  18  16  3  2  -1.101943  -1  0.198666 
  4  11  16  6  1  -2.766911  1  0.203115 
  7  16  11  1  1  0.142088  1  0.192451 
  0  18  19  9  19  -79.870224  1  0.216897 
  0  9  3  2  3  0.470428  -1  0.213422 
  0  4  19  2  4  1.643399  -1  0.177345 
  2  12  19  2  3  0.783505  1  0.198659 
  0  19  19  2  7  6.100957  -1  0.191297 
  7  15  17  6  4  4.068525  1  0.220996 
  7  16  5  1  1  0.276065  -1  0.170732 
  7  16  18  7  4  -3.426051  -1  0.188436 
  4  17  3  6  1  -2.661909  1  0.181166 
  7  3  12  1  1  -0.152470  -1  0.190093 
  7  7  11  1  1  -0.231529  1  0.188126 
  12  9  15  1  5  -0.327651  1  0.177532 
  1  13  12  6  1  0.527467  -1  0.159642 
  7  13  9  4  1  -0.547639  -1  0.187550 
  5  12  14  6  1  -2.396434  1  0.185345 
  7  11  7  2  1  -0.320007  -1  0.178104 
  0  18  14  9  12  -48.405128  1  0.191391 
  0  7  7  2  7  -0.548542  -1  0.202298 
  0  12  19  6  1  2.143973  -1  0.179750 
  0  8  18  3  17  0.469282  1  0.203325 
  5  10  12  2  3  6.866046  -1  0.178139 
  8  13  9  2  2  -0.784804  -1  0.217964 
  0  19  19  1  12  1.955847  -1  0.173459 
  4  8  17  4  4  -2.687080  -1  0.188342 
  0  18  19  9  19  70.885307  -1  0.169855 
  12  5  10  1  3  -0.945977  -1  0.205114 
  4  6  5  6  1  0.929781  -1  0.179785 
  4  8  7  4  2  -1.965425  1  0.180423 
  3  14  10  2  7  6.724722  -1  0.161750 
  5  13  6  7  1  -2.579058  -1  0.199482 
  0  19  3  4  3  -3.008319  1  0.178640 
  7  15  9  1  4  -0.484030  -1  0.157828 
  0  4  19  2  15  -6.603322  1  0.181734 
  2  3  12  1  6  0.891130  1  0.181576 
  7  6  5  1  1  0.511524  -1  0.185043 
  13  6  10  1  3  -2.445127  -1  0.194192 
