 2.385830  21 
  7  7  4  2  1  -0.682308  1  0.413735 
  8  10  18  2  5  -5.872526  1  0.374800 
  4  16  5  6  1  -2.309496  1  0.323425 
  2  15  2  4  2  1.864085  -1  0.344026 
  0  9  11  1  8  1.352864  -1  0.299764 
  5  12  15  7  1  2.006373  -1  0.264381 
  8  14  9  2  2  0.202969  -1  0.300243 
  0  18  19  9  17  -64.659531  1  0.291573 
  4  3  13  3  2  1.814860  1  0.291851 
  4  17  6  6  1  -2.631765  1  0.283327 
  0  16  16  2  3  0.186386  -1  0.252035 
  4  13  16  6  1  1.971664  -1  0.249822 
  3  14  8  3  8  2.687603  -1  0.283050 
  4  6  5  6  1  1.338766  -1  0.236635 
  4  3  16  3  2  1.251227  1  0.277042 
  7  19  18  1  9  -2.600359  1  0.250381 
  11  5  9  2  2  -0.026109  1  0.261767 
  7  14  4  1  1  0.386763  -1  0.258410 
  7  19  6  4  3  0.305614  1  0.245702 
  10  11  12  3  2  9.477541  -1  0.245644 
  12  8  19  3  8  2.124185  1  0.224348 
