 2.860271  30 
  6  7  7  2  2  -12.766976  1  0.351657 
  7  16  4  4  1  1.268653  -1  0.305687 
  1  19  10  6  5  6.534534  -1  0.277851 
  5  11  13  5  1  -2.169150  1  0.264958 
  3  11  12  1  10  2.784314  -1  0.230174 
  1  6  3  6  1  0.840094  -1  0.212857 
  12  4  11  2  2  1.002046  1  0.220555 
  0  19  19  3  13  -12.435457  1  0.234364 
  2  15  7  1  7  0.022816  1  0.255648 
  8  10  18  6  4  -14.871312  1  0.227547 
  0  17  9  3  2  -0.055710  -1  0.212525 
  0  19  19  9  19  37.834076  -1  0.221824 
  4  14  7  5  2  -0.731674  1  0.221898 
  5  11  12  5  1  -2.385082  1  0.218512 
  0  15  2  3  2  -0.574201  1  0.232871 
  5  11  12  5  1  1.574544  -1  0.203289 
  5  6  13  6  1  -1.363157  -1  0.237139 
  0  19  19  2  9  5.502125  -1  0.233811 
  2  17  14  1  6  -0.476045  -1  0.232231 
  1  7  2  6  1  -2.103794  1  0.221620 
  2  17  12  1  7  1.040936  1  0.220633 
  4  12  17  6  1  -3.791987  1  0.211767 
  11  14  19  2  2  -0.895373  -1  0.217341 
  4  12  16  7  1  -4.005605  1  0.219935 
  2  4  12  1  6  -0.521703  -1  0.222512 
  0  19  19  3  19  -9.931658  1  0.214309 
  5  19  11  5  1  1.038421  1  0.211690 
  0  2  19  1  15  -1.617969  1  0.215352 
  7  18  14  9  3  -4.360847  -1  0.199095 
  4  7  3  6  1  1.977046  -1  0.215668 
