 2.683013  26 
  3  15  5  3  2  4.124627  -1  0.376385 
  4  7  4  6  1  2.463561  -1  0.313419 
  7  11  18  1  7  -0.803234  1  0.257889 
  4  12  12  6  1  -3.009843  1  0.239180 
  11  11  17  4  2  2.515150  -1  0.298341 
  0  19  19  7  1  -2.600100  1  0.246346 
  1  9  13  8  6  0.747780  -1  0.280235 
  4  13  15  7  1  2.312833  -1  0.264171 
  4  3  15  3  2  1.437605  1  0.246903 
  0  19  19  2  6  5.084180  -1  0.263852 
  8  12  9  3  2  -2.509703  -1  0.267670 
  4  12  16  6  1  2.362796  -1  0.246076 
  4  3  16  3  2  -1.451381  -1  0.257658 
  7  14  4  1  1  0.448747  -1  0.234306 
  1  19  6  2  3  0.003231  -1  0.238473 
  4  12  17  6  1  2.119283  -1  0.229858 
  12  4  12  2  2  2.188040  1  0.255323 
  0  18  18  9  13  -50.580643  1  0.232819 
  7  18  13  9  3  5.391977  1  0.249089 
  13  8  13  2  3  11.615587  -1  0.234175 
  0  10  3  3  3  0.618060  -1  0.219888 
  0  19  19  3  4  -3.303972  1  0.227543 
  12  4  11  2  2  -3.184578  -1  0.217794 
  0  4  19  2  15  -5.501137  1  0.223306 
  0  8  17  3  16  1.279959  1  0.225320 
  0  18  19  9  17  61.072529  -1  0.233314 
