 4.169731  46 
  10  11  12  2  2  6.080302  -1  0.325464 
  7  14  5  1  2  0.270315  -1  0.304106 
  7  8  19  3  2  -0.844629  1  0.261549 
  7  7  4  2  1  -0.982378  1  0.233798 
  9  14  11  5  2  -2.930776  1  0.251685 
  1  14  15  6  1  -1.798330  1  0.227823 
  2  12  2  3  2  0.557433  -1  0.244611 
  2  11  10  3  4  -2.094422  1  0.225381 
  0  18  19  9  17  -68.768379  1  0.208452 
  2  4  11  1  6  0.886566  1  0.261384 
  5  13  14  8  1  2.549064  -1  0.213751 
  7  2  8  1  2  -0.117088  1  0.216685 
  2  15  14  4  3  -1.705539  1  0.187098 
  0  19  19  3  13  10.276576  -1  0.201122 
  7  12  8  3  1  -0.475877  -1  0.220033 
  0  19  19  4  2  -2.439075  1  0.222787 
  1  13  7  9  1  0.227478  -1  0.213880 
  4  17  5  6  1  -2.496135  1  0.200913 
  9  14  10  2  2  -0.151645  1  0.192197 
  0  18  19  9  19  63.537415  -1  0.220354 
  1  18  15  3  2  -1.460345  -1  0.230314 
  7  7  10  1  1  -0.326132  1  0.196761 
  7  11  8  2  1  0.307192  1  0.209774 
  4  6  5  6  1  2.037341  -1  0.195415 
  7  5  6  2  3  -0.178728  -1  0.216802 
  4  14  16  10  1  2.263412  -1  0.187025 
  7  11  19  2  3  0.992182  1  0.196768 
  7  19  18  1  9  -3.226505  1  0.203705 
  4  17  17  3  2  1.219345  1  0.206167 
  12  8  13  3  4  22.322031  -1  0.191172 
  11  6  9  2  3  1.432984  1  0.208998 
  0  19  2  6  2  -7.540798  1  0.208304 
  2  6  7  1  7  -0.121690  1  0.201005 
  4  12  15  6  1  1.202486  -1  0.178536 
  7  17  17  8  2  -1.706509  -1  0.180275 
  4  13  17  6  1  1.534661  -1  0.189704 
  7  18  9  1  3  0.051965  -1  0.190406 
  4  18  5  6  1  1.209467  -1  0.162981 
  4  11  8  6  1  1.464826  1  0.219048 
  0  10  12  1  9  -1.560476  1  0.189070 
  0  13  3  4  2  -1.776699  -1  0.187798 
  7  12  11  1  1  -0.389320  1  0.195380 
  7  16  6  7  3  3.911875  1  0.184617 
  0  18  19  9  13  -64.130524  1  0.202516 
  5  19  13  5  1  1.206413  1  0.201872 
  4  12  12  6  1  1.291391  -1  0.205243 
