 2.077201  17 
  4  18  4  6  1  1.705735  -1  0.520117 
  1  6  7  3  2  1.782881  -1  0.367134 
  3  11  11  1  8  2.708792  -1  0.344557 
  2  16  17  5  7  -7.484321  1  0.315916 
  4  7  3  6  1  -1.721354  1  0.341942 
  1  19  10  6  5  4.671157  -1  0.329456 
  4  13  16  7  1  -2.282152  1  0.309676 
  3  15  7  3  7  3.017112  -1  0.337208 
  4  12  17  6  1  -1.816893  1  0.350970 
  0  8  11  4  6  0.203125  1  0.312206 
  4  12  12  6  1  -1.935190  1  0.284467 
  4  9  9  5  3  -0.396763  1  0.290583 
  7  6  4  1  1  -0.201758  1  0.300423 
  11  12  15  3  2  0.205550  -1  0.235225 
  4  11  17  6  1  1.127735  -1  0.298673 
  4  13  16  6  1  1.197983  -1  0.236684 
  4  16  16  5  3  -4.161494  -1  0.301596 
