 2.569775  24 
  4  17  4  16  1  3.808199  -1  0.389282 
  5  11  4  5  1  -0.188282  1  0.356666 
  7  2  11  1  4  -0.318539  1  0.305745 
  7  14  11  1  4  -0.438500  1  0.267286 
  1  12  11  6  1  -2.127386  1  0.270227 
  8  5  17  3  2  -0.177681  1  0.273122 
  0  19  19  1  19  -2.483705  1  0.288548 
  7  5  11  2  4  -0.008039  1  0.248988 
  7  16  5  1  1  0.316806  -1  0.244308 
  1  13  8  6  1  -0.591636  -1  0.267146 
  0  18  19  9  19  -64.603912  1  0.281047 
  1  2  12  2  6  0.040642  -1  0.282470 
  2  9  12  1  9  -1.727483  1  0.268710 
  4  14  7  10  2  -2.706658  1  0.219686 
  0  19  19  1  9  2.110703  -1  0.272190 
  0  14  5  3  5  -2.546197  1  0.261479 
  7  12  11  1  1  -0.418712  1  0.226561 
  0  16  17  3  16  -1.471171  -1  0.279013 
  4  12  17  6  1  -2.788845  1  0.241133 
  9  15  11  2  2  -2.864664  -1  0.245433 
  4  13  16  8  1  -3.905367  1  0.256021 
  9  14  11  3  2  0.196330  1  0.257507 
  11  8  19  5  7  19.145306  -1  0.208950 
  7  8  4  4  2  0.298276  -1  0.226462 
