BPNN
30
0.100000
0.001000
0.407067
0.971036
0.657478
0.821184
0.615815
0.730362
0.658305
0.353795
0.549892
0.915766
0.458513
0.080021
0.736605
0.533664
0.557197
0.809700
0.612579
0.165480
0.201225
0.122050
0.563120
0.491873
0.177306
0.534657
0.005607
0.144541
0.040086
0.937413
0.755767
0.781270
0.856420
0.162834
0.752307
0.513897
0.984018
0.368122
0.244260
0.642322
0.721917
0.794152
0.558089
0.180430
0.874173
0.294694
0.714094
0.431369
0.104393
0.326673
0.596849
0.305618
0.448723
0.159969
0.797491
0.626029
0.694627
0.803098
0.770570
0.734713
0.740511
0.526337
0.515983
0.596931
0.689171
0.268290
0.110828
0.673188
0.636411
0.355088
0.315511
0.358329
0.149240
0.873599
0.538758
0.023413
0.168293
0.252852
0.454782
0.272686
0.579526
0.051631
0.578304
0.028249
0.211601
0.375796
0.654278
0.906227
0.178894
0.424848
0.640940
0.919405
0.951185
0.156924
0.516336
0.640355
0.425213
0.627164
0.313544
0.061625
0.982252
0.629054
0.419953
0.131492
0.502654
0.958712
0.154904
0.670947
0.211564
0.609686
0.943633
0.791090
0.661317
0.521938
0.819338
0.872918
0.897734
0.473616
0.779145
0.076628
0.898464
0.420086
0.996033
0.849649
0.577009
0.512368
0.490004
0.002222
0.139532
0.803548
0.063847
0.121784
0.432602
0.483800
0.253275
0.935256
0.442512
0.408180
0.606203
0.654076
0.017866
0.549836
0.445166
0.679183
0.071774
0.264504
0.552101
0.969508
0.738120
0.331247
0.046136
0.636585
0.751332
0.042168
0.486234
0.328342
0.554537
0.976238
0.330564
0.694069
0.779786
0.394411
0.815852
0.212389
0.878212
0.069128
0.147645
0.320724
0.477307
0.753848
0.974799
0.495173
0.303685
0.419965
0.174356
0.375459
0.684469
0.726457
0.344967
0.422589
0.057704
0.391102
0.059174
0.809036
0.433270
0.545408
0.137378
0.987807
0.521646
0.467942
0.681876
0.301432
0.862353
0.497728
0.513821
0.740565
0.566856
0.661465
0.061288
0.044163
0.415314
0.036088
0.539336
0.718998
0.456053
0.713692
0.094457
0.140522
0.440149
0.439424
0.563111
0.497853
0.830526
0.622285
0.306890
0.263797
0.167692
0.444268
0.251603
0.689338
0.912210
0.933479
0.990770
0.774563
0.431207
0.504590
0.515128
0.998063
0.166056
0.576416
0.042225
0.581370
0.612504
0.581561
0.300368
0.068557
0.295253
0.394825
0.209078
0.735403
0.834249
0.772189
0.233256
0.664775
0.394474
0.540146
0.928572
0.562166
0.984414
0.180175
0.251504
0.896623
0.113654
0.242274
0.671186
0.544861
0.746864
0.186314
0.542924
0.912920
0.762730
0.585149
0.494290
0.375234
0.166710
0.794658
0.443791
0.461964
0.189483
0.652869
0.197366
0.023732
0.425058
0.430622
0.688507
0.819532
0.970768
0.617078
0.381698
0.955182
0.797253
0.633203
0.851805
0.910907
0.875477
0.522991
0.455768
0.622341
0.709305
0.998692
0.535261
0.472035
0.583841
0.029551
0.847269
0.750552
0.824209
0.291060
0.212516
0.013692
0.943929
0.409882
0.037423
0.368987
0.840504
0.725930
0.188519
0.811272
0.343008
0.570217
0.766454
0.140261
0.203420
0.618259
0.051169
0.078897
0.141251
0.506937
0.701238
0.850556
0.505629
0.236499
0.322591
0.089471
0.266051
0.169860
0.840022
0.090259
0.460920
0.052538
0.103951
0.404849
0.462420
0.141374
0.773835
0.302924
0.867304
0.962354
0.114196
0.210312
0.532572
0.880650
0.350573
0.735991
0.498910
0.401742
0.814888
0.640160
0.908679
0.516126
0.490716
0.414308
0.752625
0.813307
0.503779
0.018676
0.983168
0.343801
0.108935
0.444088
0.396339
0.212887
0.848936
0.858759
0.354261
0.622772
0.161683
0.221565
0.585126
0.275879
0.431877
0.117698
0.156530
0.782451
0.853689
0.655440
0.184192
0.668577
0.295600
0.092871
0.184703
0.786316
0.507179
0.937329
0.599623
0.010958
0.956005
0.582790
0.354759
0.064940
0.026878
0.751098
0.277827
0.875814
0.609857
0.632087
0.498586
0.771540
0.853652
0.083712
0.047420
0.285530
0.201410
0.203949
0.067980
0.055099
0.859389
0.252173
0.723676
0.154989
0.345044
0.908380
0.941304
0.852223
0.845709
0.540927
0.863181
0.801713
0.123717
0.217941
0.866653
0.150595
0.969039
0.144480
0.026410
0.578896
0.776568
0.524996
0.350436
0.630220
0.608708
0.397856
0.915750
0.810118
0.601806
0.983730
0.865217
0.461195
0.235902
0.588894
0.616183
0.580946
0.497273
0.557488
0.433170
0.342982
0.098415
0.296351
0.144695
0.222132
0.514292
0.011349
0.372728
0.483331
0.155829
0.399137
0.062227
0.932396
0.924133
0.412663
0.562616
0.532841
0.810519
0.478366
0.342959
0.412325
0.462096
0.208176
0.873520
0.697998
0.797070
0.489703
0.278944
0.294343
0.047190
0.712114
0.637325
0.145605
0.008465
0.782021
0.367737
0.522756
0.793369
0.740465
0.006087
0.949198
0.139602
0.068314
0.881595
0.063735
0.480977
0.444211
0.596577
0.291497
0.922577
0.939536
0.703822
0.384673
0.147713
0.577341
0.082670
0.944783
0.067044
0.361615
0.239126
0.114235
0.073728
0.876451
0.259840
0.082193
0.658472
0.627577
0.604949
0.451842
0.368042
0.611036
0.401040
0.507644
0.679350
0.282635
0.571379
0.160328
0.726846
0.167956
0.451825
0.649423
0.107492
0.155647
0.034095
0.255205
0.732988
0.116766
0.199988
0.800032
0.478380
0.439114
0.914267
0.552109
0.315565
0.174106
0.634301
0.974038
0.801683
0.239251
0.425879
0.169725
0.850287
0.826919
0.677369
0.529637
0.109554
0.248748
0.689965
0.836400
0.416704
0.141790
0.485822
0.524197
0.297436
0.519918
0.779402
0.030424
0.636683
0.979390
0.830457
0.115064
0.418504
0.744723
0.667172
0.734069
0.918830
0.301474
0.708106
0.720513
0.540724
0.133986
0.890238
0.391011
0.960905
0.567607
0.920649
0.070459
0.816355
0.610614
0.906859
0.233059
0.752404
0.392681
0.757256
0.049840
0.912598
0.536658
0.080264
0.549282
0.516048
0.910721
0.664345
0.934551
0.655444
0.331517
0.668620
0.574274
0.632991
0.376727
0.294787
0.173715
0.510712
0.185025
0.564726
0.471617
0.752631
0.485375
0.542076
0.568986
0.095989
0.448935
0.802045
0.848393
0.841616
0.559302
0.898233
0.754214
0.095960
0.978497
0.303496
0.612008
0.889218
0.967841
0.546559
0.544663
0.299358
0.215179
0.118937
0.932349
0.591906
0.413724
0.106064
0.102618
0.598749
0.670791
0.574236
0.351380
0.156166
0.116312
0.920366
0.252155
0.565247
0.722412
0.100548
0.406862
0.281713
0.998781
0.161077
0.377673
0.977278
0.464572
0.989681
0.866496
0.432413
0.536240
0.411158
0.731772
0.751419
0.530095
0.664121
0.343325
0.943819
0.770185
0.445943
0.542568
0.440976
0.020179
0.893948
0.597142
0.136491
0.814314
0.849297
0.701738
0.536726
0.949845
0.108600
0.818439
0.948626
0.269677
0.196112
0.925903
0.734249
0.185793
0.792399
0.166663
0.722032
0.203558
0.898434
0.473451
0.733653
0.562555
0.816776
0.677472
0.332741
0.262720
0.220039
0.773717
0.282899
0.113987
0.370859
0.419390
0.928301
0.220156
0.121128
0.465027
0.170001
0.229728
0.283466
0.118626
0.499405
0.479579
0.044530
0.233655
0.665371
0.836929
0.400317
0.387404
0.040487
0.298752
0.860855
0.774139
0.861307
0.677631
0.451611
0.194048
0.940351
0.671651
0.967764
0.223250
0.785638
0.338623
0.642640
0.713939
0.558779
0.763768
0.178967
0.728779
0.993497
0.462433
0.847406
0.492902
0.942012
0.891935
0.726557
0.607383
0.728864
0.126874
0.994787
0.769351
0.425626
0.855642
0.543490
0.286933
0.533273
0.995101
0.480981
0.473624
0.666752
0.448746
0.696874
0.452390
0.787369
0.339514
0.166330
0.346148
0.103282
0.345296
0.074927
0.096779
0.807729
0.922333
0.589681
0.749741
0.814268
0.316238
0.357124
0.543132
0.443113
0.351911
0.312483
0.868739
0.207552
0.855973
0.155672
0.740825
0.851074
0.636654
0.214449
0.517826
0.085399
0.911323
0.970217
0.872768
0.250837
0.136546
0.218916
0.354119
0.481843
0.293843
0.450898
0.289572
0.216176
0.040579
0.039313
0.030445
0.356817
0.396437
0.573577
0.799930
0.748348
0.886060
0.668669
0.955900
0.742033
0.824341
0.696725
0.593107
0.460995
0.911174
0.110933
0.546394
0.822497
0.081150
0.419162
0.073334
0.217696
0.638078
0.427453
0.699539
0.931922
0.878351
0.989111
0.148098
0.918931
0.028424
0.178542
0.275748
0.424862
0.752119
0.075678
0.173210
0.638179
0.744347
0.129110
0.380212
0.568688
0.825835
0.973318
0.029682
0.737010
0.084252
0.576076
0.559507
0.165402
0.995238
0.632841
0.383098
0.633316
0.060294
0.082637
0.565238
0.938645
0.071748
0.713336
0.857576
0.100172
0.891878
0.133324
0.525034
0.643998
0.209002
0.698243
0.282177
0.953349
0.827353
0.662388
0.522037
0.653189
0.635707
0.551719
0.390198
0.719958
0.127795
0.949705
0.885360
0.123033
0.582546
0.268458
0.756350
0.642840
0.351095
0.321588
0.581485
0.422843
0.034924
0.439060
0.523015
0.926802
0.572384
0.048049
0.570799
0.781386
0.746292
0.852976
0.734734
0.573646
0.515364
0.256771
0.226835
0.151071
0.808490
0.617033
0.871029
0.936285
0.566738
0.756389
0.059318
0.149284
0.024847
0.815668
0.792124
0.375942
0.137256
0.373608
0.798785
0.172180
0.812668
0.321801
0.098981
0.385052
0.369849
0.669781
0.166438
0.116142
0.522757
0.901172
0.689788
0.038121
0.157943
0.916623
0.189192
0.966433
0.533656
0.060221
0.902718
0.100394
0.816610
0.962036
0.249679
0.841457
0.777705
0.041803
0.217399
0.914961
0.415411
0.016185
0.087140
0.228079
0.337985
0.186122
0.613132
0.707835
0.855903
0.779570
0.823977
0.378660
0.680742
0.513765
0.416781
0.838685
0.430387
0.605973
0.805118
0.964043
0.666193
0.707836
0.064438
0.482803
0.669872
0.314116
0.324260
0.447577
0.355919
0.541660
0.362538
0.771330
0.557844
0.449678
0.999409
0.895829
0.635800
0.612541
0.603664
0.491703
0.392111
0.427641
0.870363
0.072852
0.941405
0.287144
0.911537
0.371793
0.893116
0.716655
0.335836
0.559309
0.424491
0.400273
0.042113
0.094363
0.714390
0.366373
0.541940
0.070309
0.908032
0.904478
0.841639
0.465877
0.354156
0.841048
0.361706
0.989956
0.453589
0.965370
0.481659
0.845700
0.393011
0.352022
0.918552
0.334416
0.639166
0.830089
0.706209
0.532282
0.546744
0.042045
0.091591
0.971235
0.442318
0.133704
0.065598
0.156708
0.500077
0.607538
0.227017
0.408109
0.512016
0.068656
0.873986
0.866172
0.909703
0.235692
0.856129
0.363292
0.201062
0.337788
0.208992
0.594073
0.689810
0.127544
0.928489
0.328976
0.957633
0.634698
0.861258
0.504376
0.676743
0.952849
0.475611
0.119062
0.086553
0.541209
0.275770
0.586630
0.148747
0.502787
0.994739
0.660762
0.571442
0.868725
0.526935
0.481146
0.104416
0.383063
0.844438
0.305478
0.720851
0.053430
0.899551
0.410662
0.180974
0.828041
0.739638
0.138607
0.462739
0.600895
0.642983
0.139482
0.553745
0.118594
0.258544
0.640298
0.659803
0.534314
0.226928
0.808549
0.037101
0.221668
0.469312
0.608544
0.090393
0.996247
0.089690
0.194809
0.379310
0.934128
0.500287
0.100161
0.987558
0.399838
0.510823
0.168532
0.227879
0.250460
0.307139
0.690618
0.851356
0.950122
0.830100
0.405101
0.068716
0.088645
0.045399
0.728519
0.622959
0.272328
0.537069
0.660060
0.493995
0.006380
0.268604
0.584388
0.002627
0.358294
0.779197
0.381937
0.292422
0.279484
0.482098
0.279980
0.679322
0.992921
0.448512
0.907201
0.243382
0.755652
0.597819
0.094737
0.705774
0.427920
0.499838
0.774490
0.516565
0.545237
0.503009
0.139524
0.817565
0.040078
0.799584
0.311560
0.046458
0.068188
0.895948
0.049085
0.426482
0.675145
0.431022
0.718904
0.954629
0.913121
0.998884
0.633951
0.906042
0.447397
0.541152
0.149423
0.203048
0.138972
0.244161
0.908822
0.566892
0.743999
0.683312
0.083456
0.289236
0.186321
0.222980
0.106801
0.226399
0.022564
0.418361
0.272857
0.090753
0.314309
0.321943
0.517235
0.989454
0.752965
0.236139
0.944082
0.666086
0.235023
0.578034
0.572127
0.682420
0.119186
0.721551
0.885468
0.258158
0.965711
0.794290
0.825049
0.709710
0.477602
0.908506
0.998946
0.663924
0.131486
0.105747
0.890323
0.154050
0.524108
0.163180
0.244803
0.838417
0.485122
0.762038
0.827871
0.238087
0.998177
0.771953
0.904173
0.233200
0.349987
0.476300
0.915621
0.469173
0.197851
0.801089
0.727331
0.163562
0.595379
0.552380
0.873272
0.072982
0.460886
0.872218
0.736905
0.592372
0.977965
0.627228
0.746422
0.502074
0.790408
0.991225
0.340491
0.275530
0.753262
0.168362
0.513618
0.751439
0.940315
0.417790
0.984640
0.290302
0.894091
0.900260
0.759475
0.091941
0.701349
0.486806
0.255503
0.296728
0.039186
0.128776
0.369710
0.500072
0.000994
0.106615
0.092444
0.978959
0.733843
0.838866
0.481033
0.524250
0.830091
0.821524
0.799781
0.583353
0.989886
0.313398
0.334792
0.930201
0.731188
0.319432
0.220503
0.625279
0.219692
0.979978
0.717221
0.921042
0.466784
0.972724
0.217770
0.505971
0.101500
0.587480
0.006043
0.102493
0.694095
0.098487
0.081453
0.427938
0.937354
0.562485
0.952188
0.767444
0.384009
0.751969
0.350797
0.373895
0.065367
0.685590
0.304096
0.796555
0.005022
0.524599
0.421834
0.224714
0.504577
0.139055
0.145756
0.971362
0.111779
0.363525
0.477332
0.213278
0.951005
0.483376
0.315772
0.645100
0.581863
0.397224
0.073038
0.519217
0.959710
0.025226
0.286661
0.343719
0.777194
0.637458
0.717614
0.842561
0.323048
0.021710
0.639116
0.328070
0.546309
0.060950
0.552784
0.050886
0.200005
0.698539
0.022248
0.311784
0.062065
0.499581
0.525062
0.013070
0.982956
0.840834
0.658170
0.564819
0.238058
0.731208
0.084036
0.197768
0.756433
0.370697
0.541487
0.533628
0.008155
0.259101
0.376189
0.331203
0.280811
0.015305
0.659273
0.827120
0.076255
0.212057
0.878007
0.276260
0.910596
0.900255
0.588045
0.972661
0.399836
0.113107
0.985731
0.382792
0.953941
0.643902
0.947611
0.192000
0.375109
0.031647
0.389768
0.131543
0.402344
0.931255
0.665171
0.410500
0.190356
0.041359
0.741703
0.471167
0.056664
0.400976
0.298288
0.132919
0.613033
0.176295
0.409180
0.523629
0.076550
0.997224
0.496290
0.476385
0.110331
0.482021
0.859177
0.064272
0.125923
0.806788
0.256272
0.501032
0.838436
0.646040
0.632575
0.240780
0.577295
0.297746
0.651280
0.767651
0.339105
0.392983
0.238818
0.395769
0.793959
0.537106
0.528689
0.406991
0.713400
0.937868
0.930620
0.789950
0.935093
0.426910
0.266335
0.045424
0.908931
0.125512
0.109697
0.034854
0.932300
0.365969
0.535887
0.770736
0.012008
0.168462
0.011516
0.589303
0.466208
0.662796
0.356953
0.805313
0.055778
0.595771
0.201082
0.849737
0.132877
0.729771
0.256728
0.846277
0.667639
0.187349
0.636227
0.602732
0.614259
0.902562
0.648156
0.523190
0.028073
0.757853
0.558044
0.960373
0.123821
0.093931
0.731109
0.135829
0.262392
0.742625
0.725132
0.728600
0.405420
0.082086
0.533913
0.461198
0.677857
0.734995
0.310936
0.810734
0.464766
0.567664
0.657011
0.132406
0.755013
0.293238
0.735138
0.369271
0.195799
0.383294
0.892461
0.223873
0.141147
0.450505
0.184246
0.264968
0.544436
0.915355
0.400797
0.806829
0.657979
0.125930
0.535429
0.063399
0.208015
0.069342
0.524598
0.885872
0.804337
0.835533
0.696606
0.269104
0.403197
0.353617
0.401510
0.158210
0.646855
0.136648
0.527481
0.842655
0.519942
0.419943
0.066527
0.661088
0.870448
0.250773
0.926056
0.414884
0.166128
0.326854
0.221713
0.824107
0.452784
0.757142
0.887507
0.660799
0.826484
0.412105
0.546671
0.630821
0.247638
0.243278
0.899925
0.650836
0.596895
0.301434
0.809046
0.243750
0.438082
0.336527
0.086405
0.958024
0.756470
0.152932
0.619112
0.626918
0.403705
0.545168
0.041802
0.569833
0.872022
0.263515
0.393941
0.324806
0.020657
0.281448
0.985605
0.847141
0.693553
0.532276
0.477962
0.941191
0.775554
0.377887
0.592026
0.372449
0.679322
0.401072
0.616199
0.117404
0.737599
0.702604
0.075427
0.494069
0.855536
0.694539
0.120987
0.259242
0.239708
0.162789
0.829075
0.111730
0.426305
0.223016
0.436536
0.446962
0.504464
0.422141
0.294103
0.198017
0.954417
0.772065
0.139207
0.729971
0.149953
0.731234
0.102420
0.829274
0.132306
0.718619
0.946678
0.869905
0.421223
0.022105
0.363973
0.276760
0.716645
0.484960
0.536001
0.956353
0.647749
0.365077
0.068083
0.074054
0.588093
0.504619
0.521016
0.092557
0.926759
0.815119
0.290573
0.881176
0.587184
0.429780
0.611147
0.737137
0.161014
0.713567
0.566411
0.293319
0.432187
0.513089
0.163224
0.853410
0.535194
0.527197
0.130170
0.251839
0.012158
0.666171
0.208192
0.659907
0.031248
0.276274
0.733961
0.619341
0.780893
0.254977
0.711897
0.707652
0.070096
0.002470
0.588829
0.657281
0.432251
0.199976
0.394418
0.593265
0.913544
0.960829
0.886584
0.345730
0.473918
0.049808
0.199140
0.009112
0.577006
0.329310
0.260951
0.589163
0.995481
0.469143
0.249071
0.026729
0.745417
0.983032
0.646070
0.526310
0.238009
0.357967
0.233962
0.308105
0.360437
0.822791
0.965386
0.792688
0.022767
0.359804
0.385953
0.936311
0.320632
0.272537
0.282041
0.794550
0.322346
0.481181
0.803662
0.899352
0.810491
0.064614
0.488515
0.805972
0.533756
0.737586
0.832702
0.279173
0.720617
0.478771
0.805483
0.958626
0.836738
0.039445
0.266732
0.197176
0.862236
0.232117
0.989864
0.885003
0.591921
0.375817
0.821313
0.912554
0.648354
0.103354
0.707104
0.970700
0.584535
0.510766
0.870052
0.395026
0.575380
0.358567
0.200999
0.109136
0.096152
0.033700
0.388309
0.816770
0.512472
0.193792
0.775396
0.349210
0.233237
0.042128
0.546386
0.095472
0.274245
0.536249
0.980475
0.866166
0.912066
0.801788
0.778720
0.560421
0.905142
0.485824
0.531120
0.489677
0.996590
0.401172
0.884704
0.571970
0.759739
0.085703
0.681106
0.855891
0.119403
0.069415
0.672661
0.631875
0.263207
0.448057
0.981085
0.496444
0.490184
0.527471
0.591916
0.764429
0.063720
0.572390
0.630595
0.975786
0.374178
0.409315
0.536207
0.279320
0.895139
0.067327
0.768998
0.891729
0.468499
0.653701
0.463698
0.228238
0.739404
0.144804
0.084129
0.858807
0.214220
0.756790
0.490682
0.477427
0.204846
0.471767
0.973870
0.695031
0.999237
0.565786
0.459460
0.062957
0.138176
0.090055
0.038744
0.512355
0.499370
0.574950
0.791675
0.394509
0.642278
0.560673
0.286237
0.110777
0.214374
0.749936
0.339015
0.953777
0.894740
0.423144
0.812584
0.108960
0.179934
0.303266
0.586387
0.384780
0.775032
0.560257
0.079811
0.774269
0.126043
0.539270
0.837227
0.264220
0.629326
0.875970
0.776575
0.128696
0.450921
0.568250
0.523205
0.093198
0.128922
0.809442
0.203976
0.343296
0.559378
0.542991
0.297073
0.454118
0.966135
0.109657
0.563078
0.146069
0.412923
0.149465
0.530849
0.187956
0.709722
0.610659
0.962225
0.835766
0.149930
0.799452
0.099986
0.779255
0.675422
0.876560
0.907951
0.126343
0.444810
0.431156
0.219541
0.573732
0.240599
0.423517
0.917028
0.799977
0.966507
0.214101
0.254095
0.932642
0.323758
0.817174
0.078711
0.736682
0.966639
0.609559
0.924637
0.676361
0.220219
0.886862
0.512127
0.370148
0.686314
0.612113
0.149403
0.361736
0.488673
0.057355
0.488079
0.933483
0.488511
0.707620
0.507215
0.729109
0.131136
0.424243
0.529086
0.097644
0.638344
0.783181
0.030286
0.962102
0.600355
0.108997
0.698784
0.566994
0.718556
0.623421
0.243355
0.938774
0.510283
0.755482
0.308923
0.196597
0.367595
0.458326
0.558333
0.856268
0.515681
0.046412
0.789751
0.004192
0.754031
0.296966
0.733301
0.885167
0.721209
0.262387
0.982811
0.359552
0.045569
0.013097
0.321654
0.645923
0.122093
0.020438
0.212917
0.840649
0.643858
0.456272
0.779423
0.154142
0.211755
0.088346
0.350739
0.579350
0.546672
0.909072
0.435618
0.062353
0.955483
0.225369
0.066545
0.709515
0.522335
0.799846
0.594682
0.243544
0.062233
0.577493
0.603096
0.107802
0.590590
0.924750
0.753725
0.712683
0.945188
0.966642
0.553332
0.589047
0.422914
0.332755
0.743188
0.634669
0.421102
0.093927
0.214019
0.967774
0.002999
0.649637
0.030126
0.958482
0.875006
0.096671
0.667997
0.397341
0.896517
0.262679
0.640885
0.958750
0.840172
0.243982
0.066551
0.430762
0.168732
0.820276
0.143445
0.113920
0.786918
0.696777
0.702967
0.209833
0.029533
0.446155
0.844502
0.450634
0.540082
0.058520
0.418408
0.543081
0.708157
0.448534
0.501563
0.583163
0.545205
0.169560
0.980504
0.441722
0.432239
0.621390
0.400471
0.272411
0.865372
0.467022
0.703173
0.034104
0.287299
0.846618
0.148024
0.074217
0.543396
0.850991
0.284050
0.572928
0.297146
0.128551
0.023562
0.837229
0.187072
0.441970
0.380310
0.895229
0.890504
0.881873
0.478392
0.435709
0.051433
0.458896
0.877430
0.483672
0.080286
0.277902
0.756084
0.945658
0.744924
0.459257
0.979761
0.032223
0.305876
0.127786
0.106440
0.849271
0.978777
0.390489
0.422199
0.275923
0.519040
0.445762
0.113152
0.706112
0.887731
0.493462
0.601341
0.778235
0.375335
0.079732
0.213944
0.426768
0.538629
0.091374
0.910440
0.618915
0.369276
0.666524
0.564573
0.114200
0.125781
0.544334
0.146423
0.431657
0.672120
0.252862
0.280929
0.650896
0.643351
0.703128
0.926820
0.162391
0.148890
0.039971
0.868503
0.036621
0.533433
0.469844
0.814856
0.908768
0.549576
0.028800
0.335535
0.088205
0.120174
0.245976
0.707120
0.489450
0.912500
0.271693
0.603650
0.038281
0.816027
0.750072
0.469939
0.488147
0.002934
0.750867
0.139044
0.646286
0.453996
0.065863
0.808677
0.602885
0.105834
0.677180
0.639506
0.639267
0.147024
0.454363
0.548035
0.696600
0.483163
0.883570
0.784806
0.603336
0.129546
0.491926
0.092786
0.042046
0.763619
0.696436
0.080327
0.579646
0.446508
0.550265
0.067794
0.449442
0.301133
0.206837
0.095728
0.755128
0.272700
0.904405
0.358014
0.378535
0.581585
0.997520
0.017802
0.728609
0.451883
0.565837
0.425210
0.935045
0.449408
0.210015
0.538382
0.578954
0.701941
0.631168
0.620999
0.465561
0.327604
0.701326
0.045207
0.774112
0.251592
0.113001
0.223554
0.552725
0.319838
0.319282
0.307853
0.592538
0.223687
0.665866
0.971073
0.805272
0.663386
0.988875
0.533881
0.115269
0.554712
0.959091
0.050314
0.004119
0.169106
0.588696
0.583073
0.871047
0.219864
0.204073
0.336608
0.547467
0.905399
0.381815
0.321579
0.156991
0.494816
0.545133
0.709715
0.814653
0.864415
0.017568
0.407191
0.088102
0.683435
0.378264
0.893373
0.346821
0.367138
0.427254
0.462090
0.921850
0.386345
0.512404
0.925970
0.555451
0.101100
0.509043
0.426498
0.320964
0.713115
0.763106
0.868431
0.618514
0.144921
0.190010
0.775505
0.639737
0.735144
0.485221
0.454390
0.599559
0.502789
0.861582
0.687660
0.186223
0.239846
0.581033
0.533044
0.606984
0.008288
0.995134
0.528834
0.394633
0.507539
0.454804
0.950084
0.608639
0.963847
0.376582
0.929603
0.676962
0.139688
0.798034
0.295477
0.284610
0.988044
0.070982
0.924347
0.723188
0.556203
0.378738
0.322747
0.058992
0.240319
0.010407
0.245215
0.480165
0.591440
0.778259
0.087149
0.599728
0.773393
0.615983
0.994361
0.280932
0.070787
0.944444
0.889571
0.034634
0.321026
0.819173
0.711597
0.460715
0.617207
0.007073
0.745325
0.605252
0.078055
0.669672
0.328440
0.634258
0.048409
0.651187
0.693250
0.288729
0.661593
0.938464
0.768894
0.253034
0.716724
0.856043
0.852762
0.490117
0.472026
0.847122
0.771049
0.542814
0.791567
0.660620
0.577448
0.112593
0.479793
0.289045
0.573308
0.097001
0.296118
0.318633
0.702252
0.374173
0.988305
0.030692
0.008431
0.036714
0.681879
0.701681
0.325443
0.343472
0.640145
0.094337
0.596506
0.356869
0.950379
0.449268
0.846986
0.422406
0.296390
0.618035
0.965220
0.087957
0.278655
0.542668
0.200550
0.758448
0.831713
0.773858
0.855449
0.127831
0.092491
0.557701
0.502004
0.080795
0.588393
0.510435
0.117509
0.270272
0.212116
0.442952
0.613745
0.852262
0.537289
0.210251
0.209130
0.487668
0.659518
0.056116
0.910074
0.955908
0.674151
0.875294
0.043865
0.952806
0.417962
0.244415
0.711254
0.249674
0.018273
0.566703
0.377505
0.110763
0.124404
0.879509
0.191558
0.712797
0.389945
0.309068
0.983070
0.602061
0.752020
0.596814
0.454323
0.289309
0.807065
0.663453
0.776977
0.466583
0.719570
0.687051
0.422492
0.393721
0.562344
0.466357
0.346527
0.980306
0.710772
0.057781
0.229980
0.729044
0.624484
0.607486
0.839807
0.748888
0.486995
0.031366
0.461685
0.876939
0.340434
0.444754
0.479000
0.092453
0.041568
0.933323
0.381762
0.848633
0.596776
0.158739
0.315217
0.316346
0.845790
0.737709
0.710067
0.408134
0.204066
0.056594
0.388440
0.914837
0.114375
0.618421
0.643881
0.738859
0.225906
0.483689
0.487746
0.712901
0.515054
0.949431
0.589841
0.855488
0.394185
0.068841
0.947941
0.435753
0.002164
0.329704
0.284387
0.598940
0.488442
0.599604
0.915286
0.334232
0.337313
0.625353
0.742366
0.541378
0.681947
0.130806
0.456215
0.796321
0.749227
0.100097
0.535180
0.975133
0.583785
0.022926
0.688034
0.098840
0.972357
0.277875
0.954328
0.366542
0.346716
0.902269
0.802295
0.348880
0.231973
0.086682
0.947820
0.720415
0.686286
0.863107
0.054647
0.023599
0.488460
0.797013
0.564977
0.170406
0.927819
0.021192
0.966728
0.677046
0.121288
0.501908
0.652179
0.705074
0.524834
0.340213
0.803913
0.497191
0.618088
0.758241
0.863733
0.964804
0.660510
0.666028
0.313684
0.892483
0.752710
0.261504
0.612898
0.438996
0.124611
0.667546
0.462595
0.613070
0.464559
0.027571
0.783477
0.392378
0.048763
0.750205
0.069424
0.170051
0.252113
0.721604
0.875125
0.776947
0.061817
0.679038
0.274137
0.679905
0.437279
0.137870
0.644709
0.097789
0.803898
0.958393
0.990273
0.556608
0.219897
0.603171
0.995605
0.344507
0.270716
0.458199
0.957578
0.735275
0.485771
0.741055
0.127653
0.534534
0.491259
0.197077
0.704585
0.743372
0.918681
0.579710
0.520318
0.980498
0.258748
0.794456
0.660403
0.696027
0.932326
0.305112
0.793817
0.736224
0.263505
0.784089
0.292833
0.483401
0.387260
0.288437
0.827909
0.657976
0.746637
0.785487
0.393252
0.232408
0.526541
0.520905
0.766941
0.017800
0.717982
0.471527
0.761172
0.636663
0.051237
0.281490
0.617161
0.309985
0.075946
0.277564
0.006012
0.008272
0.582676
0.799828
0.744496
0.846180
0.583918
0.037328
0.329582
0.971178
0.325766
0.157490
0.629154
0.072402
0.942977
0.022406
0.304810
0.469518
0.543310
0.071751
0.487318
0.261292
0.543278
0.248490
0.897955
0.594514
0.529980
0.515116
0.904499
0.605926
0.792680
0.910511
0.614197
0.375355
0.710339
0.358693
0.221536
0.294257
0.396021
0.551117
0.265435
0.721787
0.708608
0.894589
0.794189
0.651584
0.916994
0.098999
0.121103
0.460304
0.170750
0.608421
0.721597
0.714028
0.856911
0.619552
0.308543
0.386891
0.134668
0.213042
0.992817
0.927347
0.123553
0.607014
0.302703
0.833892
0.965707
0.524238
0.128149
0.361729
0.075355
0.393584
0.083515
0.783963
0.288173
0.877704
0.435547
0.205167
0.976703
0.556650
0.665471
0.147454
0.165071
0.387068
0.861482
0.021982
0.006620
0.170025
0.408873
0.141288
0.383066
0.401690
0.068635
0.506619
0.008705
0.371338
0.340511
0.974412
0.895576
0.468661
0.336141
0.970931
0.862245
0.419656
0.754894
0.150417
0.297361
0.190441
0.355584
0.274064
0.747091
0.021056
0.421518
0.912162
0.408124
0.283000
0.934144
0.414743
0.453024
0.343017
0.556031
0.836091
0.744707
0.624666
0.342710
0.753412
0.996004
0.683221
0.727824
0.891580
0.151882
0.063965
0.862511
0.014127
0.483621
0.617405
0.164544
0.780981
0.807847
0.520128
0.055045
0.554938
0.541184
0.476563
0.467100
0.949307
0.759562
0.401244
0.364051
0.212587
0.744261
0.920082
0.048677
0.488968
0.544748
0.391387
0.242380
0.540752
0.074608
0.970204
0.432332
0.226490
0.034168
0.294843
0.240617
0.517789
0.912248
0.405161
0.298770
0.720095
0.925289
0.353815
0.275032
0.466473
0.830378
0.742132
0.415781
0.589941
0.143376
0.779832
0.802527
0.887637
0.699914
0.851204
0.376605
0.244662
0.242591
0.618985
0.785414
0.317200
0.589189
0.217746
0.543690
0.623357
0.512588
0.784307
0.141146
0.424836
0.189468
0.439917
0.144931
0.114758
0.793732
0.419963
0.581231
0.624110
0.162096
0.997012
0.214051
0.305472
0.776843
0.016578
0.193109
0.476757
0.867782
0.569714
0.721419
0.110374
0.188698
0.506833
0.427574
0.777887
0.724578
0.971264
0.401245
0.237166
0.755571
0.542391
0.662003
0.945039
0.982308
0.806934
0.059797
0.776040
0.226897
0.641028
0.400150
0.388993
0.638039
0.614201
0.694464
0.414883
0.630779
0.887573
0.891640
0.498562
0.457286
0.613058
0.608935
0.645985
0.119891
0.036509
0.423872
0.844469
0.007773
0.825117
0.081636
0.763344
0.367508
0.743638
0.708383
0.349816
0.550572
0.768180
0.125856
0.777469
0.409207
0.526006
0.166462
0.047247
0.140207
0.860926
0.462129
0.770987
0.748499
0.353769
0.269548
0.205786
0.966827
0.878484
0.851771
0.086718
0.914993
0.275643
0.931187
0.922766
0.100760
0.012822
0.686110
0.468268
0.756461
0.394492
0.818084
0.307033
0.162672
0.943939
0.084502
0.571879
0.469946
0.250965
0.619126
0.610153
0.111891
0.081255
0.380356
0.860386
0.434275
0.650372
0.066086
0.401841
0.529060
0.917832
0.488402
0.443870
0.193047
0.418821
0.364339
0.293847
0.432351
0.045086
0.762563
0.188451
0.447301
0.580521
0.494980
0.610155
0.524522
0.580337
0.181876
0.992720
0.831320
0.800920
0.604665
0.943038
0.881680
0.985874
0.803072
0.317172
0.636476
0.869987
0.719226
0.165622
0.787777
0.207612
0.609359
0.980599
0.625071
0.976328
0.275657
0.052286
0.029816
0.037914
0.249048
0.477222
0.618111
0.745302
0.087488
0.143606
0.325717
0.267823
0.138210
0.157175
0.070824
0.742776
0.100110
0.953357
0.728298
0.904398
0.270759
0.365603
0.774598
0.990071
0.531183
0.562359
0.197550
0.140316
0.541596
0.825251
0.117855
0.812117
0.885939
0.147364
0.858341
0.135093
0.624262
0.477725
0.880505
0.712722
0.621409
0.204681
0.982429
0.759756
0.363937
0.053154
0.502429
0.464900
0.006158
0.231943
0.369528
0.277746
0.597759
0.144212
0.267775
0.128925
0.706438
0.465099
0.267879
0.250665
0.291561
0.380597
0.071183
0.177194
0.536272
0.929630
0.311963
0.161807
0.407465
0.193440
0.874608
0.027333
0.400005
0.857175
0.789171
0.763844
0.910225
0.292452
0.228391
0.917600
0.524626
0.598747
0.195559
0.122471
0.742918
0.463317
0.251263
0.449130
0.927055
0.521772
0.701006
0.213480
0.910771
0.771883
0.398984
0.447148
0.701188
0.712221
0.609066
0.109626
0.905739
0.482133
0.138843
0.305882
0.341389
0.927914
0.069623
0.252467
0.220014
0.299230
0.170297
0.745469
0.898190
0.365943
0.867897
0.641091
0.829127
0.118934
0.088860
0.758812
0.641917
0.784729
0.980694
0.552382
0.564922
0.379784
-0.000794
0.267384
0.092115
0.609245
0.377087
0.996313
0.093262
0.516068
0.304277
0.434553
0.443879
0.374752
0.686668
0.665109
0.674212
0.857794
0.410791
0.572489
0.223694
0.278672
0.213447
0.052595
0.396245
0.304937
0.812618
0.033026
0.098068
0.793006
0.593718
0.663095
0.172465
0.594198
0.930589
0.265553
0.203521
0.306136
0.263750
0.296922
0.824284
0.567928
0.731371
0.269016
0.942328
0.419255
0.934356
0.617369
0.277261
0.345234
0.189816
0.500939
0.623772
0.403038
0.552173
0.022648
0.709186
0.359655
0.064076
0.806947
0.160971
0.657899
0.469718
0.334711
0.252208
0.401279
0.600342
0.454189
0.709299
0.864230
0.753191
0.533485
0.432055
0.485415
0.802148
0.375599
0.904900
0.737332
0.993181
0.182248
0.082524
0.182981
0.683054
0.706071
0.584657
0.237857
0.729929
0.288706
0.605914
0.793699
0.103963
0.766991
0.451274
0.574955
0.101812
0.704454
0.976313
0.700613
0.160527
0.685750
0.566924
0.913619
0.219131
0.999832
0.398682
0.022495
0.375661
0.304410
0.760041
0.368929
0.486616
0.842548
0.551776
0.169444
0.547257
0.139063
0.408512
0.272050
0.436171
0.014120
0.074059
0.540240
0.780786
0.526607
0.115305
0.883571
0.231139
0.090078
0.586068
0.391804
0.777908
0.152894
0.305320
0.997892
0.152373
0.705217
0.020617
0.528862
0.009841
0.780744
0.897749
0.496440
0.623159
0.449300
0.664522
0.173047
0.589574
0.067897
0.453499
0.025439
0.090327
0.527664
0.565355
0.872387
0.054381
0.681633
0.756037
0.283980
0.773594
0.342243
0.677865
0.551404
0.495033
0.984037
0.548943
0.648622
0.689485
0.570389
0.177697
0.699412
0.351091
0.075430
0.195718
0.974025
0.523368
0.862870
0.148282
0.107805
0.939169
0.601475
0.141555
0.029602
0.128814
0.708183
0.902099
0.184168
0.389895
0.656595
0.470031
0.163627
0.000918
0.147797
0.714927
0.496804
0.131481
0.265086
0.145656
0.821795
0.835688
0.323440
0.521165
0.186763
0.398737
0.716658
0.159426
0.924735
0.580739
0.302572
0.040943
0.519602
0.912357
0.182603
0.548879
0.042445
0.890896
0.451951
0.226691
0.279250
0.110429
0.696860
0.444958
0.111249
0.844553
0.160738
0.607701
0.977251
0.426054
0.754186
0.799259
0.261829
0.077584
0.320407
0.448459
0.476095
0.035703
0.610515
0.402041
0.611306
0.921489
0.442678
0.139218
0.833951
0.624956
0.689371
0.876506
0.516825
0.141400
0.101656
0.797959
0.251968
0.800597
0.242818
0.363113
0.646003
0.403204
0.972031
0.623484
0.830087
0.726430
0.422829
0.091874
0.803997
0.743103
0.540107
0.278731
0.781436
0.151834
0.675636
0.401144
0.073016
0.126624
0.540468
0.906643
0.752854
0.229949
0.784121
0.269757
0.369809
0.887661
0.067854
0.623858
0.688160
0.310568
0.987824
0.333810
0.714988
0.960085
0.958122
0.545288
0.686601
0.380909
0.637146
0.490466
0.123787
0.175892
0.771827
0.906434
0.322589
0.455865
0.307272
0.403915
0.582594
0.847416
0.311832
0.335558
0.078338
0.096032
0.603774
0.450030
0.983831
0.673709
0.073789
0.671887
0.985130
0.061261
0.006913
0.700349
0.022175
0.965249
0.245724
0.708734
0.346141
0.882737
0.198974
0.468566
0.061259
0.972012
0.369864
0.392250
0.427571
0.685446
0.796271
0.009840
0.534136
0.108213
0.346371
0.612552
0.202704
0.952029
0.062720
0.188616
0.625640
0.136406
0.861356
0.610418
0.198883
0.868500
0.311595
0.221271
0.833835
0.557277
0.929989
0.179843
0.439788
0.127601
0.651040
0.502258
0.094477
0.029306
0.894202
0.530357
0.714858
0.690148
0.541472
0.249104
0.799334
0.887921
0.860115
0.003922
0.840089
0.924916
0.192440
0.465625
0.062175
0.053444
0.077258
0.261288
0.922772
0.389067
0.482646
0.756565
0.946327
0.412501
0.936183
0.384753
0.542733
0.588433
0.881875
0.645611
0.617433
0.784386
0.176074
0.331966
0.475809
0.717656
0.582042
0.275221
0.604037
0.444041
0.279282
0.446206
0.368858
0.471618
0.912684
0.430680
0.526279
0.990172
0.692797
0.449264
0.379326
0.175401
0.205813
0.325519
0.587676
0.140634
0.712903
0.131620
0.723931
0.603179
0.776925
0.349674
0.387671
0.952675
0.682914
0.863590
0.671304
0.265034
0.137271
0.277225
0.709213
0.418634
0.723333
0.077968
0.891105
0.635664
0.509864
0.417614
0.626665
0.202875
0.866965
0.005949
0.378259
0.072645
0.331242
0.964574
0.215909
0.045356
0.091058
0.948242
0.648229
0.876293
0.298022
0.035575
0.830242
0.981046
0.900138
0.501625
0.244540
0.039293
0.778988
0.955834
0.457828
0.502217
0.034655
0.348580
0.139098
0.544749
0.767023
0.765976
0.747711
0.633945
0.771908
0.125836
0.706364
0.101789
0.093041
0.923484
0.142008
0.192500
0.871420
0.798547
0.068899
0.169118
0.835397
0.899252
0.151136
0.735613
0.399336
0.397560
0.775044
0.180405
0.353295
0.232769
0.683475
0.387597
0.582565
0.822803
0.933175
0.349801
0.588866
0.680844
0.983730
0.360641
0.806455
0.688733
0.465060
0.900707
0.607081
0.615470
0.092901
0.486812
0.414123
0.161475
0.657203
0.249630
0.061700
0.808418
0.983702
0.462920
0.206116
0.760827
0.643226
0.559307
0.994449
0.326349
0.948121
0.577244
0.149980
0.881509
0.927132
0.738804
0.562337
0.910730
0.099219
0.367430
0.602093
0.565490
0.263000
0.217576
0.180654
0.364211
0.704493
0.594453
0.526961
0.361807
0.845055
0.588739
0.168684
0.830641
0.051796
0.376880
0.591370
0.694919
0.937040
0.585466
0.022484
0.885391
0.163540
0.172677
0.766987
0.090630
0.911465
0.329191
0.001134
0.009322
0.699251
0.604438
0.569676
0.970654
0.821708
0.758640
0.334971
0.525876
0.354367
0.862042
0.888656
0.199500
0.449240
0.059223
0.030279
0.503117
0.436005
0.621546
0.198889
0.372693
0.208228
0.221603
0.258913
0.371981
0.394366
0.025858
0.462595
0.305698
0.354823
0.462367
0.317650
0.055286
0.061668
0.895728
0.025634
0.891686
0.654474
0.360280
0.418836
0.008951
0.223294
0.307570
0.206911
0.674418
0.366931
0.239271
0.177436
0.802833
0.861670
0.375973
0.176742
0.070128
0.598404
0.435868
0.442196
0.992728
0.461710
0.904657
0.298200
0.815172
0.369654
0.617062
0.865321
0.439724
0.512484
0.899265
0.331515
0.166634
0.260819
0.750461
0.176558
0.484192
0.056490
0.385352
0.158747
0.425502
0.624524
0.336080
0.229188
0.485842
0.713269
0.406160
0.556798
0.311886
0.842115
0.998952
0.304598
0.303691
0.903384
0.601437
0.121493
0.274249
0.213362
0.995217
0.713667
0.734156
0.894587
0.044858
0.902064
0.155516
0.796292
0.078700
0.638167
0.854666
0.464190
0.798996
0.280070
0.088611
0.135929
0.508905
0.575669
0.849428
0.915894
0.132680
0.161401
0.757967
0.131616
0.465865
0.061433
0.033638
0.069932
0.184137
0.302751
0.291696
0.179047
0.024728
0.025958
0.073310
0.070859
0.928132
0.229799
0.867229
0.005291
0.869850
0.722033
0.471562
0.668747
0.001999
0.561025
0.804323
0.512120
0.136924
0.654580
0.428228
0.269691
0.815938
0.186178
0.401174
0.281577
0.246249
0.437442
0.352720
0.425249
0.748595
0.644110
0.612607
0.773428
0.669744
0.687190
0.844397
0.598848
0.917068
0.710085
0.606023
0.787056
0.434199
0.077486
-0.192486
-0.215822
-0.023423
-0.262929
0.494177
0.126951
0.263264
-0.284501
-0.478757
0.276932
-0.084666
-0.205434
-0.647572
0.288659
0.430074
-0.281264
-0.406533
-0.028293
-0.512081
0.403868
-0.241324
0.030360
-0.115910
-0.272323
-0.172991
-0.185273
0.311234
0.226234
-0.273443
-0.056930
0.317473
0.054645
0.173108
0.080867
0.513762
0.135961
-0.271606
0.222888
-0.361723
-0.028316
-0.031504
0.074186
0.212111
0.107741
0.084891
0.110861
0.347052
0.124220
-0.130615
-0.442982
-0.003235
0.148636
0.033239
-0.332328
-0.401640
0.328925
0.002975
-0.644544
0.341976
0.451579
-0.232795
0.180027
-0.047913
-0.272870
-0.017060
-0.065477
-0.616336
0.157194
-0.055772
-0.256011
-0.402446
-0.566701
0.264035
-0.403518
0.263087
-0.182388
0.227926
0.056009
-0.271352
-0.180645
0.081693
0.245979
-0.586154
-0.098250
-0.364302
-0.519117
-0.248750
0.084534
-0.376844
-0.184728
0.004788
-0.089067
-0.558843
-0.256310
0.360107
-0.107228
0.198787
0.189633
-0.163218
-0.134938
-0.597701
-0.045088
-0.255776
0.453151
0.273441
-0.524015
-0.208672
-0.052781
0.318802
0.242016
0.235245
-0.078929
-0.066143
0.435909
-0.455132
0.038232
-0.562633
-0.258022
-0.090417
-0.217430
0.025926
-0.565055
0.139364
0.253901
-0.099318
-0.031850
-0.332750
-0.454667
-0.055400
0.226079
-0.120930
-0.132529
-0.373150
0.410110
0.042668
-0.631033
-0.593329
0.279859
0.103003
0.447520
-0.009449
-0.141177
-0.185548
-0.288775
0.016780
-0.172003
0.270032
-0.099991
0.356792
-0.098339
